MEMORY
  total            14.3 MB
  struct          159.0 KB
  buffer          115.8 KB
  arena            14.0 MB, used 0.3%

SIZES
  narena                14680064
  nbuffer               118560
  nplugin               0
  maxuse_stack          12280
  maxuse_arena          36792
  maxuse_con            0
  maxuse_efc            34
  solver_nisland        1
  ncon                  0
  ne                    0
  nf                    24
  nl                    10
  nefc                  34
  nJ                    816
  nisland               0
  threadpool            0

TIMER
    0:  duration =  0.02       number = 1
    1:  duration =  0.041      number = 2
    2:  duration =  0          number = 0
    3:  duration =  0.029      number = 2
    4:  duration =  0.0024     number = 2
    5:  duration =  0.00053    number = 2
    6:  duration =  0.0087     number = 2
    7:  duration =  0.00055    number = 1
    8:  duration =  0.005      number = 2
    9:  duration =  0.0017     number = 2
    10:  duration =  0.018      number = 2
    11:  duration =  0.003      number = 2
    12:  duration =  4.4e-05    number = 2
    13:  duration =  0.0064     number = 2
    14:  duration =  0.01       number = 2

SOLVER STAT
  solver_nisland = 1
  solver_fwdinv =   0         0       
ENERGY =   0         0       

TIME =  3e+02   

QPOS
  -3.5e-17 
  -0.066   
   1.2e-17 
  -0.027   
  -0.00071 
  -0.00024 
   1.2e-17 
  -0.027   
  -0.00071 
  -0.00024 
  -1.2e-17 
  -0.027   
  -0.00071 
  -0.00024 
  -0.0025  
  -5.6e-05 
  -0.027   
  -0.00071 
  -0.00024 
  -2.4e-05 
  -0.0017  
  -0.022   
   0.00034 
   0.00011 

QVEL
   6.4e-20 
   3.4e-15 
   4.1e-19 
  -7.3e-16 
  -8.2e-18 
  -1.8e-18 
   4.2e-19 
  -7.4e-16 
   1.6e-17 
  -4.3e-18 
  -4.1e-19 
  -8.1e-16 
   1.8e-17 
  -1.4e-19 
  -3.4e-17 
  -5.7e-20 
  -6.6e-16 
   2.2e-17 
  -4.3e-18 
   6.4e-19 
  -2.4e-17 
  -7.6e-16 
  -6.5e-18 
   1.3e-18 

QACC_WARMSTART
   7.9e-18 
  -5.6e-16 
   1.4e-17 
   3.2e-16 
   4.1e-16 
   8.3e-16 
   1.4e-17 
   1.3e-15 
  -6e-15   
  -5.5e-16 
  -1.4e-17 
   3.4e-16 
   2.9e-16 
  -3.3e-16 
  -5.1e-16 
  -1.5e-17 
   4.7e-16 
   4.9e-17 
   1.1e-16 
  -8.5e-18 
   2.8e-15 
  -9.8e-16 
  -4.2e-19 
  -5.6e-20 

CTRL
   0       
   0       
   0       
   0       
   0       
   0       
   0       
   0       
   0       
   0       
   0       
   0       
   0       
   0       
   0       
   0       
   0       
   0       
   0       
   0       

QFRC_APPLIED
   0       
   0       
   0       
   0       
   0       
   0       
   0       
   0       
   0       
   0       
   0       
   0       
   0       
   0       
   0       
   0       
   0       
   0       
   0       
   0       
   0       
   0       
   0       
   0       

XFRC_APPLIED
   0         0         0         0         0         0       
   0         0         0         0         0         0       
   0         0         0         0         0         0       
   0         0         0         0         0         0       
   0         0         0         0         0         0       
   0         0         0         0         0         0       
   0         0         0         0         0         0       
   0         0         0         0         0         0       
   0         0         0         0         0         0       
   0         0         0         0         0         0       
   0         0         0         0         0         0       
   0         0         0         0         0         0       
   0         0         0         0         0         0       
   0         0         0         0         0         0       
   0         0         0         0         0         0       
   0         0         0         0         0         0       
   0         0         0         0         0         0       
   0         0         0         0         0         0       
   0         0         0         0         0         0       
   0         0         0         0         0         0       
   0         0         0         0         0         0       
   0         0         0         0         0         0       
   0         0         0         0         0         0       
   0         0         0         0         0         0       
   0         0         0         0         0         0       
   0         0         0         0         0         0       

QACC
   7.9e-18 
  -5.6e-16 
   1.4e-17 
   3.2e-16 
   4.1e-16 
   8.3e-16 
   1.4e-17 
   1.3e-15 
  -6e-15   
  -5.5e-16 
  -1.4e-17 
   3.4e-16 
   2.9e-16 
  -3.3e-16 
  -5.1e-16 
  -1.5e-17 
   4.7e-16 
   4.9e-17 
   1.1e-16 
  -8.5e-18 
   2.8e-15 
  -9.8e-16 
  -4.2e-19 
  -5.6e-20 

XPOS
   0         0         0       
   0         0         0       
   0.21      0         0.01    
   0.25      0         0.01    
   0.34      0.033     0.0037  
   0.34      0.033     0.0037  
   0.39      0.033    -0.00043 
   0.41      0.033    -0.0028  
   0.35      0.011     0.0035  
   0.35      0.011     0.0035  
   0.39      0.011    -0.00069 
   0.42      0.011    -0.003   
   0.34     -0.011     0.0037  
   0.34     -0.011     0.0037  
   0.39     -0.011    -0.00043 
   0.41     -0.011    -0.0028  
   0.27     -0.033     0.0086  
   0.33     -0.033     0.0042  
   0.33     -0.033     0.0042  
   0.38     -0.033    -3e-05   
   0.4      -0.033    -0.0024  
   0.28      0.034     0.017   
   0.28      0.034     0.017   
   0.3       0.061     0.015   
   0.3       0.061     0.015   
   0.33      0.083     0.013   

XQUAT
   1         0         0         0       
   0         0.71      0         0.71    
  -0.5       0.5      -0.5       0.5     
  -0.48      0.52     -0.52      0.48    
  -0.48      0.52     -0.52      0.48    
  -0.48      0.52     -0.52      0.48    
  -0.48      0.52     -0.52      0.48    
  -0.48      0.52     -0.52      0.48    
  -0.48      0.52     -0.52      0.48    
  -0.48      0.52     -0.52      0.48    
  -0.48      0.52     -0.52      0.48    
  -0.48      0.52     -0.52      0.48    
  -0.48      0.52     -0.52      0.48    
  -0.48      0.52     -0.52      0.48    
  -0.48      0.52     -0.52      0.48    
  -0.48      0.52     -0.52      0.48    
  -0.48      0.52     -0.52      0.48    
  -0.48      0.52     -0.52      0.48    
  -0.48      0.52     -0.52      0.48    
  -0.48      0.52     -0.52      0.48    
  -0.48      0.52     -0.52      0.48    
  -0.25     -0.29     -0.66     -0.64    
  -0.25     -0.29     -0.66     -0.64    
  -0.25     -0.29     -0.67     -0.64    
  -0.25     -0.29     -0.67     -0.64    
  -0.62      0.26     -0.68     -0.28    

XMAT
   1         0         0         0         1         0         0         0         1       
   0         0         1         0        -1         0         1         0         0       
   0         0         1        -1         0         0         0        -1         0       
   0        -0.066     1        -1         0         0         0        -1        -0.066   
   0        -0.066     1        -1         0         0         0        -1        -0.066   
   0        -0.093     1        -1         0         0         0        -1        -0.093   
  -2.8e-17  -0.093     1        -1         0         0         0        -1        -0.093   
   0        -0.093     1        -1         0         0         0        -1        -0.093   
   0        -0.066     1        -1         0         0         0        -1        -0.066   
   2.8e-17  -0.093     1        -1         0         0         0        -1        -0.093   
   0        -0.093     1        -1         0         0         0        -1        -0.093   
   0        -0.093     1        -1         0         0         0        -1        -0.093   
   0        -0.066     1        -1         0         0         0        -1        -0.066   
   0        -0.093     1        -1         0         0         0        -1        -0.093   
  -2.8e-17  -0.093     1        -1         0         0         0        -1        -0.093   
   0        -0.093     1        -1         0         0         0        -1        -0.093   
  -0.00014  -0.067     1        -1         0.0021    1.5e-06  -0.0021   -1        -0.067   
  -0.00019  -0.067     1        -1         0.0021   -5.4e-05  -0.0021   -1        -0.067   
  -0.00019  -0.094     1        -1         0.0021    1.5e-06  -0.0021   -1        -0.094   
  -0.00019  -0.095     1        -1         0.0021    3e-06    -0.0021   -1        -0.095   
  -0.00019  -0.095     1        -1         0.0021    3.5e-06  -0.0021   -1        -0.095   
  -0.71      0.066     0.71      0.71      1.7e-05   0.71      0.047     1        -0.047   
  -0.71      0.067     0.71      0.71      0.0012    0.71      0.047     1        -0.048   
  -0.71      0.082     0.7       0.71      0.017     0.71      0.047     1        -0.07    
  -0.71      0.082     0.7       0.71      0.017     0.71      0.047     1        -0.07    
  -0.082    -0.71      0.7      -0.017     0.71      0.71     -1         0.047    -0.07    

XIPOS
   0         0         0       
   0.09      0         0       
   0.24      0         0.01    
   0.28      0         0.0077  
   0.34      0.033     0.0037  
   0.36      0.033     0.0017  
   0.4       0.033    -0.0016  
   0.42      0.033    -0.004   
   0.35      0.011     0.0035  
   0.37      0.011     0.0014  
   0.4       0.011    -0.0019  
   0.43      0.011    -0.0042  
   0.34     -0.011     0.0037  
   0.36     -0.011     0.0017  
   0.4      -0.011    -0.0016  
   0.42     -0.011    -0.004   
   0.31     -0.033     0.0059  
   0.33     -0.033     0.0042  
   0.36     -0.033     0.0021  
   0.39     -0.033    -0.0012  
   0.42     -0.033    -0.0036  
   0.28      0.034     0.017   
   0.29      0.047     0.016   
   0.3       0.061     0.015   
   0.31      0.072     0.014   
   0.34      0.094     0.012   

XIMAT
   1         0         0         0         1         0         0         0         1       
   0         0         1         0        -1         0         1         0         0       
   5.6e-17   1        -5.6e-17  -5.6e-17  -5.6e-17  -1        -1         5.6e-17   5.6e-17 
  -0.066     0         1        -0         1         0        -1        -0        -0.066   
   1         0         0.066    -0         1         0        -0.066    -0         1       
  -0.093     0         1        -0         1         0        -1        -0        -0.093   
  -0.093     0         1        -0         1         0        -1        -0        -0.093   
  -0.093     0         1        -0         1         0        -1        -0        -0.093   
   1         0         0.066    -0         1         0        -0.066    -0         1       
  -0.093     0         1        -0         1         0        -1        -0        -0.093   
  -0.093     0         1        -0         1         0        -1        -0        -0.093   
  -0.093     0         1        -0         1         0        -1        -0        -0.093   
   1         0         0.066    -0         1         0        -0.066    -0         1       
  -0.093     0         1        -0         1         0        -1        -0        -0.093   
  -0.093     0         1        -0         1         0        -1        -0        -0.093   
  -0.093     0         1        -0         1         0        -1        -0        -0.093   
  -0.067     0.00014   1         0.0021    1         1.5e-06  -1         0.0021   -0.067   
   1         0.00019   0.067    -5.4e-05   1        -0.0021   -0.067     0.0021    1       
  -0.094     0.00019   1         0.0021    1         1.5e-06  -1         0.0021   -0.094   
  -0.095     0.00019   1         0.0021    1         3e-06    -1         0.0021   -0.095   
  -0.095     0.00019   1         0.0021    1         3.5e-06  -1         0.0021   -0.095   
  -0.71      0.066     0.71      0.71      1.7e-05   0.71      0.047     1        -0.047   
  -0.71      0.067     0.71      0.71      0.0012    0.71      0.047     1        -0.048   
  -0.71      0.082     0.7       0.71      0.017     0.71      0.047     1        -0.07    
  -0.71      0.082     0.7       0.71      0.017     0.71      0.047     1        -0.07    
  -0.71      0.082     0.7       0.71      0.017     0.71      0.047     1        -0.07    

XANCHOR
   0.21      0         0.01    
   0.25      0         0.01    
   0.34      0.033     0.0037  
   0.34      0.033     0.0037  
   0.39      0.033    -0.00043 
   0.41      0.033    -0.0028  
   0.35      0.011     0.0035  
   0.35      0.011     0.0035  
   0.39      0.011    -0.00069 
   0.42      0.011    -0.003   
   0.34     -0.011     0.0037  
   0.34     -0.011     0.0037  
   0.39     -0.011    -0.00043 
   0.41     -0.011    -0.0028  
   0.27     -0.033     0.0086  
   0.33     -0.033     0.0042  
   0.33     -0.033     0.0042  
   0.38     -0.033    -3e-05   
   0.4      -0.033    -0.0024  
   0.28      0.034     0.017   
   0.28      0.034     0.017   
   0.3       0.061     0.015   
   0.3       0.061     0.015   
   0.33      0.083     0.013   

XAXIS
   0        -4.4e-16   1       
   4.4e-16  -1         0       
  -0.066     4.4e-16  -1       
   4.4e-16  -1         0       
   4.4e-16  -1         0       
   4.4e-16  -1         0       
  -0.066     4.4e-16  -1       
   4.4e-16  -1         0       
   4.4e-16  -1         0       
   3.3e-16  -1         0       
   0.066    -4.4e-16   1       
   4.4e-16  -1         0       
   4.4e-16  -1         0       
   4.4e-16  -1         0       
  -0.82     -0.57      0.054   
   0.067    -0.0021    1       
  -0.00019  -1        -0.0021  
  -0.00019  -1        -0.0021  
  -0.00019  -1        -0.0021  
   0.71      0.71     -0.047   
   0.71     -0.71     -0.047   
   0.71     -0.71     -0.047   
  -0.082    -0.017    -1       
  -0.082    -0.017    -1       

GEOM_XPOS
   0         0        -0.1     
   0.0062   -2.5e-05  -0.00063 
   0.11     -5e-07     0.00089 
   0.093     2.2e-08  -2.3e-08 
   0.18      0         0.01    
   0.23      0.0026    0.01    
   0.21      0         0.01    
   0.25     -0.026     0.01    
   0.25      0.031     0.01    
   0.22     -0.021     0.01    
   0.22      0.026     0.01    
   0.28      0.0054    0.01    
   0.28      0.011    -0.00099 
   0.29     -0.002     0.011   
   0.33      0.029     0.0081  
   0.32      0.026     0.0064  
   0.25      0.031     0.018   
   0.25      0.012     0.025   
   0.34      0.011     0.0041  
   0.26     -0.03      0.0094  
   0.34      0.033     0.0034  
   0.34      0.033     0.0037  
   0.36      0.033     0.0016  
   0.37      0.033     0.0014  
   0.4       0.033    -0.0015  
   0.4       0.033    -0.0016  
   0.43      0.033    -0.0048  
   0.43      0.033    -0.0048  
   0.35      0.011     0.0032  
   0.35      0.011     0.0035  
   0.37      0.011     0.0013  
   0.37      0.011     0.0012  
   0.4       0.011    -0.0017  
   0.4       0.011    -0.0019  
   0.43      0.011    -0.0051  
   0.43      0.011    -0.0051  
   0.34     -0.011     0.0034  
   0.34     -0.011     0.0037  
   0.36     -0.011     0.0016  
   0.37     -0.011     0.0014  
   0.4      -0.011    -0.0015  
   0.4      -0.011    -0.0016  
   0.43     -0.011    -0.0048  
   0.43     -0.011    -0.0048  
   0.3      -0.031     0.0055  
   0.3      -0.031     0.0064  
   0.33     -0.033     0.0039  
   0.33     -0.033     0.0042  
   0.36     -0.033     0.002   
   0.36     -0.033     0.0019  
   0.39     -0.033    -0.0011  
   0.39     -0.033    -0.0012  
   0.42     -0.033    -0.0045  
   0.42     -0.033    -0.0045  
   0.28      0.034     0.017   
   0.29      0.046     0.016   
   0.29      0.048     0.016   
   0.3       0.061     0.015   
   0.31      0.072     0.014   
   0.31      0.069     0.014   
   0.32      0.082     0.013   
   0.34      0.098     0.011   
   0.34      0.098     0.011   

GEOM_XMAT
   1         0         0         0         1         0         0         0         1       
   1         2e-05     7.3e-06  -2e-05     1         0.017    -7e-06    -0.017     1       
   0.00028   0.042     1        -1         0.006     2.6e-05  -0.006    -1         0.042   
   0         0         1         0        -1         0         1         0         0       
   1.4e-17   0.7      -0.71      0         0.71      0.7       1         0        -1.4e-17 
   0.0016    1        -0.016     0.00012  -0.016    -1        -1         0.0016   -0.00015 
  -1        -4e-06     8e-12     4e-06    -1         4e-06    -8e-12     4e-06     1       
  -1        -0         0         0         0        -1         0        -1         0       
  -1        -0         0         0         0        -1         0        -1         0       
   0.71      0         0.71     -0.71      0         0.71      0        -1         0       
  -0.71      0         0.71     -0.71      0        -0.71      0        -1         0       
  -0.15     -0.2       0.97      0.02      0.98      0.21     -0.99      0.051    -0.14    
   0        -0.066     1        -1         0         0         0        -1        -0.066   
   0        -0.066     1        -1         0         0         0        -1        -0.066   
   0        -0.066     1        -1         0         0         0        -1        -0.066   
  -0.033     0.13      0.99     -0.97     -0.25      3.3e-08   0.25     -0.96      0.13    
   0        -0.066     1        -1         0         0         0        -1        -0.066   
  -0.03     -0.058     1        -0.89      0.46      0        -0.46     -0.89     -0.066   
   0        -0.066     1        -1         0         0         0        -1        -0.066   
   0        -0.066     1        -1         0         0         0        -1        -0.066   
  -0.0065    0.4       0.92     -1        -0.013    -0.0013    0.012    -0.92      0.4     
  -1        -0.066     0         0         0        -1         0.066    -1         0       
  -0.1      -2.5e-05   0.99     -0.0002    1         4.8e-06  -0.99     -0.0002   -0.1     
   0        -0.093     1        -1         0         0         0        -1        -0.093   
  -0.093    -1.5e-05   1        -4.9e-17   1         1.5e-05  -1         1.4e-06  -0.093   
  -2.8e-17  -0.093     1        -1         0         0         0        -1        -0.093   
  -0.096     0.0011    1         0.011     1         1.1e-05  -1         0.011    -0.096   
  -0.096     0.0011    1         0.011     1         1.1e-05  -1         0.011    -0.096   
  -0.0065    0.4       0.92     -1        -0.013    -0.0013    0.012    -0.92      0.4     
  -1        -0.066     0         0         0        -1         0.066    -1         0       
  -0.1      -2.5e-05   0.99     -0.0002    1         4.8e-06  -0.99     -0.0002   -0.1     
   2.8e-17  -0.093     1        -1         0         0         0        -1        -0.093   
  -0.093    -1.5e-05   1        -1.8e-17   1         1.5e-05  -1         1.4e-06  -0.093   
   0        -0.093     1        -1         0         0         0        -1        -0.093   
  -0.096     0.0011    1         0.011     1         1.1e-05  -1         0.011    -0.096   
  -0.096     0.0011    1         0.011     1         1.1e-05  -1         0.011    -0.096   
  -0.0065    0.4       0.92     -1        -0.013    -0.0013    0.012    -0.92      0.4     
  -1        -0.066     0         0         0        -1         0.066    -1         0       
  -0.1      -2.5e-05   0.99     -0.0002    1         4.8e-06  -0.99     -0.0002   -0.1     
   0        -0.093     1        -1         0         0         0        -1        -0.093   
  -0.093    -1.5e-05   1        -4.9e-17   1         1.5e-05  -1         1.4e-06  -0.093   
  -2.8e-17  -0.093     1        -1         0         0         0        -1        -0.093   
  -0.096     0.0011    1         0.011     1         1.1e-05  -1         0.011    -0.096   
  -0.096     0.0011    1         0.011     1         1.1e-05  -1         0.011    -0.096   
  -0.11      0.23      0.97      0.023     0.97     -0.23     -0.99     -0.0018   -0.11    
  -0.00014  -0.067     1        -1         0.0021    1.5e-06  -0.0021   -1        -0.067   
  -0.0067    0.4       0.92     -1        -0.012    -0.0023    0.0097   -0.92      0.4     
  -1        -0.067    -0.00019   5.4e-05   0.0021   -1         0.067    -1        -0.0021  
  -0.11      0.00017   0.99      0.0019    1         3.1e-05  -0.99      0.0019   -0.11    
  -0.00019  -0.094     1        -1         0.0021    1.5e-06  -0.0021   -1        -0.094   
  -0.094     0.00018   1         0.0021    1         1.8e-05  -1         0.0021   -0.094   
  -0.00019  -0.095     1        -1         0.0021    3e-06    -0.0021   -1        -0.095   
  -0.098     0.0013    1         0.014     1         2e-05    -1         0.014    -0.098   
  -0.098     0.0013    1         0.014     1         2e-05    -1         0.014    -0.098   
  -0.71      0.066     0.71      0.71      1.7e-05   0.71      0.047     1        -0.047   
  -0.63      0.33      0.7       0.66     -0.26      0.71      0.42      0.91     -0.048   
  -0.71      0.067     0.71      0.71      0.0012    0.71      0.047     1        -0.048   
  -0.71      0.082     0.7       0.71      0.017     0.71      0.047     1        -0.07    
  -0.7       0.082     0.7       0.71      0.017     0.71      0.047     1        -0.07    
  -0.71      0.082     0.7       0.71      0.017     0.71      0.047     1        -0.07    
  -0.71      0.082     0.7       0.71      0.017     0.71      0.047     1        -0.07    
  -0.71      0.082     0.7       0.71      0.017     0.71      0.047     1        -0.07    
  -0.71      0.082     0.7       0.71      0.017     0.71      0.047     1        -0.07    

LIGHT_XPOS
   0         0         1       
   0.3       0         1.5     

LIGHT_XDIR
   0         0        -1       
   0         0        -1       

SUBTREE_COM
   0.14      0.0012    0.0013  
   0.14      0.0012    0.0013  
   0.31      0.0058    0.0061  
   0.32      0.0066    0.0055  
   0.38      0.033     8.7e-06 
   0.39      0.033    -0.00049 
   0.41      0.033    -0.0026  
   0.42      0.033    -0.004   
   0.39      0.011    -0.00026 
   0.39      0.011    -0.00075 
   0.41      0.011    -0.0029  
   0.43      0.011    -0.0042  
   0.38     -0.011     8.7e-06 
   0.39     -0.011    -0.00049 
   0.41     -0.011    -0.0026  
   0.42     -0.011    -0.004   
   0.35     -0.033     0.0021  
   0.37     -0.033     0.00042 
   0.38     -0.033    -8.9e-05 
   0.4      -0.033    -0.0023  
   0.42     -0.033    -0.0036  
   0.3       0.061     0.015   
   0.31      0.064     0.014   
   0.32      0.08      0.013   
   0.32      0.082     0.013   
   0.34      0.094     0.012   

CDOF
   0        -4.4e-16   1        -0.0012   -0.076    -3.4e-17 
   4.4e-16  -1         0         0.0087    3.9e-18  -0.11    
  -0.066     4.4e-16  -1        -0.032     0.2       0.0021  
   4.4e-16  -1         0         0.0025    1.1e-18  -0.2     
   4.4e-16  -1         0        -0.0017   -7.6e-19  -0.25    
   4.4e-16  -1         0        -0.004    -1.8e-18  -0.27    
  -0.066     4.4e-16  -1        -0.0098    0.21      0.00065 
   4.4e-16  -1         0         0.0022    9.8e-19  -0.21    
   4.4e-16  -1         0        -0.002    -8.7e-19  -0.25    
   3.3e-16  -1         0        -0.0043   -1.4e-18  -0.28    
   0.066    -4.4e-16   1        -0.012    -0.2       0.00081 
   4.4e-16  -1         0         0.0025    1.1e-18  -0.2     
   4.4e-16  -1         0        -0.0017   -7.6e-19  -0.25    
   4.4e-16  -1         0        -0.004    -1.8e-18  -0.27    
  -0.82     -0.57      0.054     0.0024   -0.013    -0.1     
   0.067    -0.0021    1        -0.034    -0.2       0.0019  
  -0.00019  -1        -0.0021    0.003     0.00041  -0.2     
  -0.00019  -1        -0.0021   -0.0012    0.0005   -0.24    
  -0.00019  -1        -0.0021   -0.0036    0.00055  -0.27    
   0.71      0.71     -0.047    -0.012     0.017     0.076   
   0.71     -0.71     -0.047     0.0093    0.017    -0.12    
   0.71     -0.71     -0.047     0.0068    0.017    -0.16    
  -0.082    -0.017    -1        -0.059     0.16      0.0022  
  -0.082    -0.017    -1        -0.082     0.19      0.0036  

CINERT
   0         0         0         0         0         0         0         0         0         0       
   0.0074    0.02      0.02     -0.00017  -0.00018  -4.6e-06  -0.14     -0.0036   -0.0038    3       
   5.2e-05   0.0011    0.0012    1.3e-05  -9.2e-05   1.1e-06   0.011    -0.00012   0.00087   0.1     
   0.00021   0.0067    0.0068    5.3e-05  -0.00026   2.3e-06   0.044    -0.00036   0.0019    0.3     
   8.5e-06   0.00034   0.00034  -5.2e-05  -4e-06    -6.3e-07   0.0016    0.00025   2e-05     0.008   
   3.2e-05   0.0016    0.0016   -0.00022  -1.8e-06  -3.6e-07   0.0068    0.00095   1.1e-05   0.03    
   1.8e-05   0.0012    0.0012   -0.00014   1.3e-05   1.6e-06   0.0045    0.00054  -4.9e-05   0.017   
   1.4e-05   0.0011    0.0011   -0.00012   2e-05     2.2e-06   0.0037    0.00041  -6.8e-05   0.013   
   1.1e-06   0.00035   0.00035  -1.6e-05  -3.7e-06  -1.7e-07   0.0017    7.8e-05   1.8e-05   0.008   
   4.7e-06   0.0016    0.0016   -6.8e-05  -3.8e-08  -3.4e-08   0.0069    0.00029   3.4e-06   0.03    
   2.7e-06   0.0012    0.0012   -4.4e-05   1.4e-05   5.2e-07   0.0045    0.00017  -5.3e-05   0.017   
   2.2e-06   0.0011    0.0011   -3.7e-05   2.1e-05   7e-07     0.0038    0.00013  -7.2e-05   0.013   
   1.6e-06   0.00034   0.00034   2e-05    -4e-06     2.4e-07   0.0016   -9.8e-05   2e-05     0.008   
   6.3e-06   0.0016    0.0016    8.3e-05  -1.8e-06   1.4e-07   0.0068   -0.00037   1.1e-05   0.03    
   3.6e-06   0.0012    0.0012    5.4e-05   1.3e-05  -6e-07     0.0045   -0.00021  -4.9e-05   0.017   
   2.8e-06   0.0011    0.0011    4.6e-05   2e-05    -8.3e-07   0.0037   -0.00016  -6.8e-05   0.013   
   4e-05     0.00089   0.00093   0.00018  -2.3e-05   4.8e-06   0.0051   -0.001     0.00014   0.03    
   9.8e-06   0.00031   0.00032   5.4e-05  -4.6e-06   8e-07     0.0016   -0.00027   2.3e-05   0.008   
   3.7e-05   0.0014    0.0015    0.00022  -4.6e-06   8.3e-07   0.0066   -0.001     2.4e-05   0.03    
   2.1e-05   0.0011    0.0011    0.00015   1.1e-05  -1.4e-06   0.0043   -0.00058  -4.2e-05   0.017   
   1.6e-05   0.001     0.001     0.00012   1.8e-05  -2.2e-06   0.0036   -0.00044  -6.4e-05   0.013   
   1.3e-05   0.0002    0.00021  -4.6e-05  -2.1e-05  -5e-06     0.0014    0.00033   0.00015   0.01    
   0.0001    0.00095   0.001    -0.00029  -8.8e-05  -2.6e-05   0.0061    0.0018    0.00058   0.04    
   1.9e-05   0.00014   0.00016  -5e-05    -1.1e-05  -4e-06     0.00083   0.0003    6.8e-05   0.005   
   0.00011   0.00064   0.00074  -0.00025  -4.4e-05  -1.7e-05   0.0036    0.0014    0.00025   0.02    
   0.00015   0.00068   0.00082  -0.00031  -3.5e-05  -1.6e-05   0.0034    0.0016    0.00017   0.017   

TEN_LENGTH
  -0.00095 
  -0.00095 
  -0.00095 
  -0.00095 

TEN_MOMENT
   0         0         0         0         1         1         0         0         0         0         0         0         0         0         0         0         0         0         0         0         0         0         0         0       
   0         0         0         0         0         0         0         0         1         1         0         0         0         0         0         0         0         0         0         0         0         0         0         0       
   0         0         0         0         0         0         0         0         0         0         0         0         1         1         0         0         0         0         0         0         0         0         0         0       
   0         0         0         0         0         0         0         0         0         0         0         0         0         0         0         0         0         1         1         0         0         0         0         0       

TENDON 0: 0 wrap points

TENDON 1: 0 wrap points

TENDON 2: 0 wrap points

TENDON 3: 0 wrap points

ACTUATOR_LENGTH
  -3.5e-17 
  -0.066   
  -2.4e-05 
  -0.0017  
  -0.022   
   0.00034 
   0.00011 
   1.2e-17 
  -0.027   
  -0.00095 
   1.2e-17 
  -0.027   
  -0.00095 
  -1.2e-17 
  -0.027   
  -0.00095 
  -0.0025  
  -5.6e-05 
  -0.027   
  -0.00095 

actuator_moment
--------------------------
 x                        |
  x                       |
                    x     |
                     x    |
                      x   |
                       x  |
                        x |
   x                      |
    x                     |
     xx                   |
       x                  |
        x                 |
         xx               |
           x              |
            x             |
             xx           |
               x          |
                x         |
                 x        |
                  xx      |
--------------------------

ACTUATOR_MOMENT
    0:  1       
    1:  1       
    19:  1       
    20:  1       
    21:  1       
    22:  1       
    23:  1       
    2:  1       
    3:  1       
    4:  1         5:  1       
    6:  1       
    7:  1       
    8:  1         9:  1       
    10:  1       
    11:  1       
    12:  1         13:  1       
    14:  1       
    15:  1       
    16:  1       
    17:  1         18:  1       

CRB
   0         0         0         0         0         0         0         0         0         0       
   0.0083    0.048     0.049    -0.00082  -0.00065  -6.5e-05   0         2.2e-18  -8.7e-19   3.8     
   0.00087   0.028     0.028    -0.00065  -0.00047  -6e-05     0.14      0.0036    0.0038    0.79    
   0.00082   0.027     0.027    -0.00067  -0.00037  -6.1e-05   0.13      0.0037    0.003     0.69    
   7.3e-05   0.0041    0.0042   -0.00053   2.7e-05   2.7e-06   0.017     0.0022   -8.6e-05   0.068   
   6.4e-05   0.0038    0.0039   -0.00048   3.1e-05   3.4e-06   0.015     0.0019   -0.00011   0.06    
   3.2e-05   0.0022    0.0023   -0.00026   3.3e-05   3.7e-06   0.0082    0.00095  -0.00012   0.03    
   1.4e-05   0.0011    0.0011   -0.00012   2e-05     2.2e-06   0.0037    0.00041  -6.8e-05   0.013   
   1.1e-05   0.0043    0.0043   -0.00017   3.2e-05   1e-06     0.017     0.00067  -0.0001    0.068   
   9.6e-06   0.0039    0.0039   -0.00015   3.5e-05   1.2e-06   0.015     0.00059  -0.00012   0.06    
   4.9e-06   0.0023    0.0023   -8.1e-05   3.5e-05   1.2e-06   0.0083    0.00029  -0.00013   0.03    
   2.2e-06   0.0011    0.0011   -3.7e-05   2.1e-05   7e-07     0.0038    0.00013  -7.2e-05   0.013   
   1.4e-05   0.0041    0.0042    0.0002    2.7e-05  -1.1e-06   0.017    -0.00083  -8.6e-05   0.068   
   1.3e-05   0.0038    0.0038    0.00018   3.1e-05  -1.3e-06   0.015    -0.00073  -0.00011   0.06    
   6.4e-06   0.0022    0.0023    0.0001    3.3e-05  -1.4e-06   0.0082   -0.00037  -0.00012   0.03    
   2.8e-06   0.0011    0.0011    4.6e-05   2e-05    -8.3e-07   0.0037   -0.00016  -6.8e-05   0.013   
   0.00012   0.0048    0.0049    0.00073  -3.4e-06   2.8e-06   0.021    -0.0034    8.1e-05   0.098   
   8.4e-05   0.0039    0.0039    0.00055   2e-05    -2e-06     0.016    -0.0023   -5.8e-05   0.068   
   7.4e-05   0.0036    0.0036    0.0005    2.4e-05  -2.8e-06   0.015    -0.0021   -8.2e-05   0.06    
   3.7e-05   0.0021    0.0021    0.00027   2.9e-05  -3.6e-06   0.0079   -0.001    -0.00011   0.03    
   1.6e-05   0.001     0.001     0.00012   1.8e-05  -2.2e-06   0.0036   -0.00044  -6.4e-05   0.013   
   0.00039   0.0026    0.003    -0.00095  -0.0002   -6.9e-05   0.015     0.0055    0.0012    0.092   
   0.00038   0.0024    0.0028   -0.00091  -0.00018  -6.4e-05   0.014     0.0051    0.0011    0.082   
   0.00028   0.0015    0.0017   -0.00062  -9e-05    -3.8e-05   0.0078    0.0033    0.00049   0.042   
   0.00026   0.0013    0.0016   -0.00057  -7.9e-05  -3.4e-05   0.0069    0.003     0.00042   0.037   
   0.00015   0.00068   0.00082  -0.00031  -3.5e-05  -1.6e-05   0.0034    0.0016    0.00017   0.017   

QM
   0.012     2.5e-05  -0.00053  -8.4e-06  -2.2e-06  -5.2e-07  -0.00054  -2.8e-06  -7.3e-07  -1.7e-07   0.00053   2.8e-06   7.3e-07   1.7e-07  -8.6e-08   0.0005    7.4e-06   1.9e-06   4.6e-07   4.1e-06  -1.8e-05  -6.3e-06  -0.00017  -4e-05   
   2.5e-05   0.0065   -2.2e-19   0.00043   0.00012   3.1e-05  -2.1e-19   0.00045   0.00013   3.2e-05   2.1e-19   0.00043   0.00012   3.1e-05   0.00061   8.6e-07   0.00041   0.00012   3e-05    -4e-06     0.00026   9.8e-05  -5.9e-06  -1.3e-06 
  -0.00053  -2.2e-19   0.00038  -9.9e-20  -3.3e-20  -8e-21     0         0         0         0         0         0         0         0         0         0         0         0         0         0         0         0         0         0       
  -8.4e-06   0.00043  -9.9e-20   0.00037   5.7e-05   1.5e-05   0         0         0         0         0         0         0         0         0         0         0         0         0         0         0         0         0         0       
  -2.2e-06   0.00012  -3.3e-20   5.7e-05   0.00023   7.6e-06   0         0         0         0         0         0         0         0         0         0         0         0         0         0         0         0         0         0       
  -5.2e-07   3.1e-05  -8e-21     1.5e-05   7.6e-06   0.0002    0         0         0         0         0         0         0         0         0         0         0         0         0         0         0         0         0         0       
  -0.00054  -2.1e-19   0         0         0         0         0.00038  -8.3e-20  -2.6e-20  -7.6e-21   0         0         0         0         0         0         0         0         0         0         0         0         0         0       
  -2.8e-06   0.00045   0         0         0         0        -8.3e-20   0.00037   5.7e-05   1.5e-05   0         0         0         0         0         0         0         0         0         0         0         0         0         0       
  -7.3e-07   0.00013   0         0         0         0        -2.6e-20   5.7e-05   0.00023   7.6e-06   0         0         0         0         0         0         0         0         0         0         0         0         0         0       
  -1.7e-07   3.2e-05   0         0         0         0        -7.6e-21   1.5e-05   7.6e-06   0.0002    0         0         0         0         0         0         0         0         0         0         0         0         0         0       
   0.00053   2.1e-19   0         0         0         0         0         0         0         0         0.00038   8.5e-20   2.8e-20   7.5e-21   0         0         0         0         0         0         0         0         0         0       
   2.8e-06   0.00043   0         0         0         0         0         0         0         0         8.5e-20   0.00037   5.7e-05   1.5e-05   0         0         0         0         0         0         0         0         0         0       
   7.3e-07   0.00012   0         0         0         0         0         0         0         0         2.8e-20   5.7e-05   0.00023   7.6e-06   0         0         0         0         0         0         0         0         0         0       
   1.7e-07   3.1e-05   0         0         0         0         0         0         0         0         7.5e-21   1.5e-05   7.6e-06   0.0002    0         0         0         0         0         0         0         0         0         0       
  -8.6e-08   0.00061   0         0         0         0         0         0         0         0         0         0         0         0         0.0005   -3.8e-06   0.0002    5.9e-05   1.5e-05   0         0         0         0         0       
   0.0005    8.6e-07   0         0         0         0         0         0         0         0         0         0         0         0        -3.8e-06   0.00038   9e-20     3e-20     3.9e-21   0         0         0         0         0       
   7.4e-06   0.00041   0         0         0         0         0         0         0         0         0         0         0         0         0.0002    9e-20     0.00037   5.7e-05   1.5e-05   0         0         0         0         0       
   1.9e-06   0.00012   0         0         0         0         0         0         0         0         0         0         0         0         5.9e-05   3e-20     5.7e-05   0.00023   7.6e-06   0         0         0         0         0       
   4.6e-07   3e-05     0         0         0         0         0         0         0         0         0         0         0         0         1.5e-05   3.9e-21   1.5e-05   7.6e-06   0.0002    0         0         0         0         0       
   4.1e-06  -4e-06     0         0         0         0         0         0         0         0         0         0         0         0         0         0         0         0         0         0.00021  -3.3e-08  -1.7e-08  -1.2e-06  -3.4e-07 
  -1.8e-05   0.00026   0         0         0         0         0         0         0         0         0         0         0         0         0         0         0         0         0        -3.3e-08   0.00042   9.3e-05   3.3e-10   9.2e-11 
  -6.3e-06   9.8e-05   0         0         0         0         0         0         0         0         0         0         0         0         0         0         0         0         0        -1.7e-08   9.3e-05   0.00025   2e-20     4.2e-22 
  -0.00017  -5.9e-06   0         0         0         0         0         0         0         0         0         0         0         0         0         0         0         0         0        -1.2e-06   3.3e-10   2e-20     0.00025   1.4e-05 
  -4e-05    -1.3e-06   0         0         0         0         0         0         0         0         0         0         0         0         0         0         0         0         0        -3.4e-07   9.2e-11   4.2e-22   1.4e-05   0.00021 

QLD
   0.0088    0.008    -1.4      -0.022    -0.0096   -0.0026   -1.4      -0.0072   -0.0032   -0.00086   1.4       0.0072    0.0032    0.00086   0.0022    1.3       0.019     0.0084    0.0023    0.016    -0.039    -0.025    -0.67     -0.2     
   0.008     0.004    -2.6e-16   1.1       0.55      0.15     -2.9e-16   1.1       0.56      0.16      2.8e-16   1.1       0.55      0.15      0.99      0.0023    1.1       0.52      0.15     -0.019     0.57      0.39     -0.023    -0.0061  
  -1.4      -2.6e-16   0.00038  -2.5e-16  -1.4e-16  -3.9e-17   0         0         0         0         0         0         0         0         0         0         0         0         0         0         0         0         0         0       
  -0.022     1.1      -2.5e-16   0.00036   0.25      0.075     0         0         0         0         0         0         0         0         0         0         0         0         0         0         0         0         0         0       
  -0.0096    0.55     -1.4e-16   0.25      0.00022   0.037     0         0         0         0         0         0         0         0         0         0         0         0         0         0         0         0         0         0       
  -0.0026    0.15     -3.9e-17   0.075     0.037     0.0002    0         0         0         0         0         0         0         0         0         0         0         0         0         0         0         0         0         0       
  -1.4      -2.9e-16   0         0         0         0         0.00038  -2.1e-16  -1.2e-16  -3.7e-17   0         0         0         0         0         0         0         0         0         0         0         0         0         0       
  -0.0072    1.1       0         0         0         0        -2.1e-16   0.00036   0.25      0.075     0         0         0         0         0         0         0         0         0         0         0         0         0         0       
  -0.0032    0.56      0         0         0         0        -1.2e-16   0.25      0.00022   0.037     0         0         0         0         0         0         0         0         0         0         0         0         0         0       
  -0.00086   0.16      0         0         0         0        -3.7e-17   0.075     0.037     0.0002    0         0         0         0         0         0         0         0         0         0         0         0         0         0       
   1.4       2.8e-16   0         0         0         0         0         0         0         0         0.00038   2.1e-16   1.2e-16   3.7e-17   0         0         0         0         0         0         0         0         0         0       
   0.0072    1.1       0         0         0         0         0         0         0         0         2.1e-16   0.00036   0.25      0.075     0         0         0         0         0         0         0         0         0         0       
   0.0032    0.55      0         0         0         0         0         0         0         0         1.2e-16   0.25      0.00022   0.037     0         0         0         0         0         0         0         0         0         0       
   0.00086   0.15      0         0         0         0         0         0         0         0         3.7e-17   0.075     0.037     0.0002    0         0         0         0         0         0         0         0         0         0       
   0.0022    0.99      0         0         0         0         0         0         0         0         0         0         0         0         0.00038  -0.01      0.52      0.26      0.075     0         0         0         0         0       
   1.3       0.0023    0         0         0         0         0         0         0         0         0         0         0         0        -0.01      0.00038   2.3e-16   1.3e-16   1.9e-17   0         0         0         0         0       
   0.019     1.1       0         0         0         0         0         0         0         0         0         0         0         0         0.52      2.3e-16   0.00036   0.25      0.075     0         0         0         0         0       
   0.0084    0.52      0         0         0         0         0         0         0         0         0         0         0         0         0.26      1.3e-16   0.25      0.00022   0.037     0         0         0         0         0       
   0.0023    0.15      0         0         0         0         0         0         0         0         0         0         0         0         0.075     1.9e-17   0.075     0.037     0.0002    0         0         0         0         0       
   0.016    -0.019     0         0         0         0         0         0         0         0         0         0         0         0         0         0         0         0         0         0.00021  -6.8e-05  -7e-05    -0.0049   -0.0016  
  -0.039     0.57      0         0         0         0         0         0         0         0         0         0         0         0         0         0         0         0         0        -6.8e-05   0.00039   0.37      1.3e-06   4.5e-07 
  -0.025     0.39      0         0         0         0         0         0         0         0         0         0         0         0         0         0         0         0         0        -7e-05     0.37      0.00025   8.2e-17   2.1e-18 
  -0.67     -0.023     0         0         0         0         0         0         0         0         0         0         0         0         0         0         0         0         0        -0.0049    1.3e-06   8.2e-17   0.00025   0.067   
  -0.2      -0.0061    0         0         0         0         0         0         0         0         0         0         0         0         0         0         0         0         0        -0.0016    4.5e-07   2.1e-18   0.067     0.00021 

QLDIAGINV
   1.1e+02 
   2.5e+02 
   2.7e+03 
   2.8e+03 
   4.4e+03 
   4.9e+03 
   2.7e+03 
   2.8e+03 
   4.4e+03 
   4.9e+03 
   2.7e+03 
   2.8e+03 
   4.4e+03 
   4.9e+03 
   2.6e+03 
   2.7e+03 
   2.8e+03 
   4.4e+03 
   4.9e+03 
   4.9e+03 
   2.6e+03 
   4e+03   
   4e+03   
   4.9e+03 

QLDIAGSQRTINV
   11      
   16      
   52      
   53      
   67      
   70      
   52      
   53      
   67      
   70      
   52      
   53      
   67      
   70      
   51      
   52      
   53      
   67      
   70      
   70      
   51      
   63      
   63      
   70      

B: body-dof matrix
--------------------------
 xxxxxxxxxxxxxxxxxxxxxxxx |
 xxxxxxxxxxxxxxxxxxxxxxxx |
 xxxxxxxxxxxxxxxxxxxxxxxx |
 xxxxxxxxxxxxxxxxxxxxxxxx |
 xxxxxx                   |
 xxxxxx                   |
 xxxxxx                   |
 xxxxxx                   |
 xx    xxxx               |
 xx    xxxx               |
 xx    xxxx               |
 xx    xxxx               |
 xx        xxxx           |
 xx        xxxx           |
 xx        xxxx           |
 xx        xxxx           |
 xx            xxxxx      |
 xx            xxxxx      |
 xx            xxxxx      |
 xx            xxxxx      |
 xx            xxxxx      |
 xx                 xxxxx |
 xx                 xxxxx |
 xx                 xxxxx |
 xx                 xxxxx |
 xx                 xxxxx |
--------------------------

B_rownnz              24 24 24 24 6 6 6 6 6 6 6 6 6 6 6 6 7 7 7 7 7 7 7 7 7 7

B_rowadr              0 24 48 72 96 102 108 114 120 126 132 138 144 150 156 162 168 175 182 189 196 203 210 217 224 231

B_colind              0 1 2 3 4 5 6 7 8 9 10 11 12 13 14 15 16 17 18 19 20 21 22 23 0 1 2 3 4 5 6 7 8 9 10 11 12 13 14 15 16 17 18 19 20 21 22 23 0 1 2 3 4 5 6 7 8 9 10 11 12 13 14 15 16 17 18 19 20 21 22 23 0 1 2 3 4 5 6 7 8 9 10 11 12 13 14 15 16 17 18 19 20 21 22 23 0 1 2 3 4 5 0 1 2 3 4 5 0 1 2 3 4 5 0 1 2 3 4 5 0 1 6 7 8 9 0 1 6 7 8 9 0 1 6 7 8 9 0 1 6 7 8 9 0 1 10 11 12 13 0 1 10 11 12 13 0 1 10 11 12 13 0 1 10 11 12 13 0 1 14 15 16 17 18 0 1 14 15 16 17 18 0 1 14 15 16 17 18 0 1 14 15 16 17 18 0 1 14 15 16 17 18 0 1 19 20 21 22 23 0 1 19 20 21 22 23 0 1 19 20 21 22 23 0 1 19 20 21 22 23 0 1 19 20 21 22 23

C: reduced dof-dof matrix
--------------------------
 xxxxxxxxxxxxxxxxxxxxxxxx |
 xxxxxxxxxxxxxxxxxxxxxxxx |
 xxxxxx                   |
 xxxxxx                   |
 xxxxxx                   |
 xxxxxx                   |
 xx    xxxx               |
 xx    xxxx               |
 xx    xxxx               |
 xx    xxxx               |
 xx        xxxx           |
 xx        xxxx           |
 xx        xxxx           |
 xx        xxxx           |
 xx            xxxxx      |
 xx            xxxxx      |
 xx            xxxxx      |
 xx            xxxxx      |
 xx            xxxxx      |
 xx                 xxxxx |
 xx                 xxxxx |
 xx                 xxxxx |
 xx                 xxxxx |
 xx                 xxxxx |
--------------------------

C_rownnz              24 24 6 6 6 6 6 6 6 6 6 6 6 6 7 7 7 7 7 7 7 7 7 7

C_rowadr              0 24 48 54 60 66 72 78 84 90 96 102 108 114 120 127 134 141 148 155 162 169 176 183

C_colind              0 1 2 3 4 5 6 7 8 9 10 11 12 13 14 15 16 17 18 19 20 21 22 23 0 1 2 3 4 5 6 7 8 9 10 11 12 13 14 15 16 17 18 19 20 21 22 23 0 1 2 3 4 5 0 1 2 3 4 5 0 1 2 3 4 5 0 1 2 3 4 5 0 1 6 7 8 9 0 1 6 7 8 9 0 1 6 7 8 9 0 1 6 7 8 9 0 1 10 11 12 13 0 1 10 11 12 13 0 1 10 11 12 13 0 1 10 11 12 13 0 1 14 15 16 17 18 0 1 14 15 16 17 18 0 1 14 15 16 17 18 0 1 14 15 16 17 18 0 1 14 15 16 17 18 0 1 19 20 21 22 23 0 1 19 20 21 22 23 0 1 19 20 21 22 23 0 1 19 20 21 22 23 0 1 19 20 21 22 23

mapM2C                0 2 5 9 14 20 23 27 32 38 41 45 50 56 59 63 68 74 81 84 88 93 99 106 2 1 4 8 13 19 22 26 31 37 40 44 49 55 58 62 67 73 80 83 87 92 98 105 5 4 3 7 12 18 9 8 7 6 11 17 14 13 12 11 10 16 20 19 18 17 16 15 23 22 21 25 30 36 27 26 25 24 29 35 32 31 30 29 28 34 38 37 36 35 34 33 41 40 39 43 48 54 45 44 43 42 47 53 50 49 48 47 46 52 56 55 54 53 52 51 59 58 57 61 66 72 79 63 62 61 60 65 71 78 68 67 66 65 64 70 77 74 73 72 71 70 69 76 81 80 79 78 77 76 75 84 83 82 86 91 97 104 88 87 86 85 90 96 103 93 92 91 90 89 95 102 99 98 97 96 95 94 101 106 105 104 103 102 101 100

D: dof-dof matrix
--------------------------
 xxxxxxxxxxxxxxxxxxxxxxxx |
 xxxxxxxxxxxxxxxxxxxxxxxx |
 xxxxxx                   |
 xxxxxx                   |
 xxxxxx                   |
 xxxxxx                   |
 xx    xxxx               |
 xx    xxxx               |
 xx    xxxx               |
 xx    xxxx               |
 xx        xxxx           |
 xx        xxxx           |
 xx        xxxx           |
 xx        xxxx           |
 xx            xxxxx      |
 xx            xxxxx      |
 xx            xxxxx      |
 xx            xxxxx      |
 xx            xxxxx      |
 xx                 xxxxx |
 xx                 xxxxx |
 xx                 xxxxx |
 xx                 xxxxx |
 xx                 xxxxx |
--------------------------

D_rownnz              24 24 6 6 6 6 6 6 6 6 6 6 6 6 7 7 7 7 7 7 7 7 7 7

D_rowadr              0 24 48 54 60 66 72 78 84 90 96 102 108 114 120 127 134 141 148 155 162 169 176 183

D_colind              0 1 2 3 4 5 6 7 8 9 10 11 12 13 14 15 16 17 18 19 20 21 22 23 0 1 2 3 4 5 6 7 8 9 10 11 12 13 14 15 16 17 18 19 20 21 22 23 0 1 2 3 4 5 0 1 2 3 4 5 0 1 2 3 4 5 0 1 2 3 4 5 0 1 6 7 8 9 0 1 6 7 8 9 0 1 6 7 8 9 0 1 6 7 8 9 0 1 10 11 12 13 0 1 10 11 12 13 0 1 10 11 12 13 0 1 10 11 12 13 0 1 14 15 16 17 18 0 1 14 15 16 17 18 0 1 14 15 16 17 18 0 1 14 15 16 17 18 0 1 14 15 16 17 18 0 1 19 20 21 22 23 0 1 19 20 21 22 23 0 1 19 20 21 22 23 0 1 19 20 21 22 23 0 1 19 20 21 22 23

mapM2D                0 2 5 9 14 20 23 27 32 38 41 45 50 56 59 63 68 74 81 84 88 93 99 106 2 1 4 8 13 19 22 26 31 37 40 44 49 55 58 62 67 73 80 83 87 92 98 105 5 4 3 7 12 18 9 8 7 6 11 17 14 13 12 11 10 16 20 19 18 17 16 15 23 22 21 25 30 36 27 26 25 24 29 35 32 31 30 29 28 34 38 37 36 35 34 33 41 40 39 43 48 54 45 44 43 42 47 53 50 49 48 47 46 52 56 55 54 53 52 51 59 58 57 61 66 72 79 63 62 61 60 65 71 78 68 67 66 65 64 70 77 74 73 72 71 70 69 76 81 80 79 78 77 76 75 84 83 82 86 91 97 104 88 87 86 85 90 96 103 93 92 91 90 89 95 102 99 98 97 96 95 94 101 106 105 104 103 102 101 100

mapD2M                0 25 24 50 49 48 57 56 55 54 64 63 62 61 60 71 70 69 68 67 66 74 73 72 81 80 79 78 88 87 86 85 84 95 94 93 92 91 90 98 97 96 105 104 103 102 112 111 110 109 108 119 118 117 116 115 114 122 121 120 130 129 128 127 138 137 136 135 134 146 145 144 143 142 141 154 153 152 151 150 149 148 157 156 155 165 164 163 162 173 172 171 170 169 181 180 179 178 177 176 189 188 187 186 185 184 183

QDERIV
   0         0         0         0         0         0         0         0         0         0         0         0         0         0         0         0         0         0         0         0         0         0         0         0       
   0         0         0         0         0         0         0         0         0         0         0         0         0         0         0         0         0         0         0         0         0         0         0         0       
   0         0         0         0         0         0         0         0         0         0         0         0         0         0         0         0         0         0         0         0         0         0         0         0       
   0         0         0         0         0         0         0         0         0         0         0         0         0         0         0         0         0         0         0         0         0         0         0         0       
   0         0         0         0         0         0         0         0         0         0         0         0         0         0         0         0         0         0         0         0         0         0         0         0       
   0         0         0         0         0         0         0         0         0         0         0         0         0         0         0         0         0         0         0         0         0         0         0         0       
   0         0         0         0         0         0         0         0         0         0         0         0         0         0         0         0         0         0         0         0         0         0         0         0       
   0         0         0         0         0         0         0         0         0         0         0         0         0         0         0         0         0         0         0         0         0         0         0         0       
   0         0         0         0         0         0         0         0         0         0         0         0         0         0         0         0         0         0         0         0         0         0         0         0       
   0         0         0         0         0         0         0         0         0         0         0         0         0         0         0         0         0         0         0         0         0         0         0         0       
   0         0         0         0         0         0         0         0         0         0         0         0         0         0         0         0         0         0         0         0         0         0         0         0       
   0         0         0         0         0         0         0         0         0         0         0         0         0         0         0         0         0         0         0         0         0         0         0         0       
   0         0         0         0         0         0         0         0         0         0         0         0         0         0         0         0         0         0         0         0         0         0         0         0       
   0         0         0         0         0         0         0         0         0         0         0         0         0         0         0         0         0         0         0         0         0         0         0         0       
   0         0         0         0         0         0         0         0         0         0         0         0         0         0         0         0         0         0         0         0         0         0         0         0       
   0         0         0         0         0         0         0         0         0         0         0         0         0         0         0         0         0         0         0         0         0         0         0         0       
   0         0         0         0         0         0         0         0         0         0         0         0         0         0         0         0         0         0         0         0         0         0         0         0       
   0         0         0         0         0         0         0         0         0         0         0         0         0         0         0         0         0         0         0         0         0         0         0         0       
   0         0         0         0         0         0         0         0         0         0         0         0         0         0         0         0         0         0         0         0         0         0         0         0       
   0         0         0         0         0         0         0         0         0         0         0         0         0         0         0         0         0         0         0         0         0         0         0         0       
   0         0         0         0         0         0         0         0         0         0         0         0         0         0         0         0         0         0         0         0         0         0         0         0       
   0         0         0         0         0         0         0         0         0         0         0         0         0         0         0         0         0         0         0         0         0         0         0         0       
   0         0         0         0         0         0         0         0         0         0         0         0         0         0         0         0         0         0         0         0         0         0         0         0       
   0         0         0         0         0         0         0         0         0         0         0         0         0         0         0         0         0         0         0         0         0         0         0         0       

QLU
   0         0         0         0         0         0         0         0         0         0         0         0         0         0         0         0         0         0         0         0         0         0         0         0       
   0         0         0         0         0         0         0         0         0         0         0         0         0         0         0         0         0         0         0         0         0         0         0         0       
   0         0         0         0         0         0         0         0         0         0         0         0         0         0         0         0         0         0         0         0         0         0         0         0       
   0         0         0         0         0         0         0         0         0         0         0         0         0         0         0         0         0         0         0         0         0         0         0         0       
   0         0         0         0         0         0         0         0         0         0         0         0         0         0         0         0         0         0         0         0         0         0         0         0       
   0         0         0         0         0         0         0         0         0         0         0         0         0         0         0         0         0         0         0         0         0         0         0         0       
   0         0         0         0         0         0         0         0         0         0         0         0         0         0         0         0         0         0         0         0         0         0         0         0       
   0         0         0         0         0         0         0         0         0         0         0         0         0         0         0         0         0         0         0         0         0         0         0         0       
   0         0         0         0         0         0         0         0         0         0         0         0         0         0         0         0         0         0         0         0         0         0         0         0       
   0         0         0         0         0         0         0         0         0         0         0         0         0         0         0         0         0         0         0         0         0         0         0         0       
   0         0         0         0         0         0         0         0         0         0         0         0         0         0         0         0         0         0         0         0         0         0         0         0       
   0         0         0         0         0         0         0         0         0         0         0         0         0         0         0         0         0         0         0         0         0         0         0         0       
   0         0         0         0         0         0         0         0         0         0         0         0         0         0         0         0         0         0         0         0         0         0         0         0       
   0         0         0         0         0         0         0         0         0         0         0         0         0         0         0         0         0         0         0         0         0         0         0         0       
   0         0         0         0         0         0         0         0         0         0         0         0         0         0         0         0         0         0         0         0         0         0         0         0       
   0         0         0         0         0         0         0         0         0         0         0         0         0         0         0         0         0         0         0         0         0         0         0         0       
   0         0         0         0         0         0         0         0         0         0         0         0         0         0         0         0         0         0         0         0         0         0         0         0       
   0         0         0         0         0         0         0         0         0         0         0         0         0         0         0         0         0         0         0         0         0         0         0         0       
   0         0         0         0         0         0         0         0         0         0         0         0         0         0         0         0         0         0         0         0         0         0         0         0       
   0         0         0         0         0         0         0         0         0         0         0         0         0         0         0         0         0         0         0         0         0         0         0         0       
   0         0         0         0         0         0         0         0         0         0         0         0         0         0         0         0         0         0         0         0         0         0         0         0       
   0         0         0         0         0         0         0         0         0         0         0         0         0         0         0         0         0         0         0         0         0         0         0         0       
   0         0         0         0         0         0         0         0         0         0         0         0         0         0         0         0         0         0         0         0         0         0         0         0       
   0         0         0         0         0         0         0         0         0         0         0         0         0         0         0         0         0         0         0         0         0         0         0         0       

CONTACT
EFC_TYPE
  1
  1
  1
  1
  1
  1
  1
  1
  1
  1
  1
  1
  1
  1
  1
  1
  1
  1
  1
  1
  1
  1
  1
  1
  3
  3
  3
  3
  3
  3
  3
  3
  3
  3

EFC_ID
  0
  1
  2
  3
  4
  5
  6
  7
  8
  9
  10
  11
  12
  13
  14
  15
  16
  17
  18
  19
  20
  21
  22
  23
  4
  5
  8
  9
  12
  13
  14
  17
  18
  20

EFC_J
   1         0         0         0         0         0         0         0         0         0         0         0         0         0         0         0         0         0         0         0         0         0         0         0       
   0         1         0         0         0         0         0         0         0         0         0         0         0         0         0         0         0         0         0         0         0         0         0         0       
   0         0         1         0         0         0         0         0         0         0         0         0         0         0         0         0         0         0         0         0         0         0         0         0       
   0         0         0         1         0         0         0         0         0         0         0         0         0         0         0         0         0         0         0         0         0         0         0         0       
   0         0         0         0         1         0         0         0         0         0         0         0         0         0         0         0         0         0         0         0         0         0         0         0       
   0         0         0         0         0         1         0         0         0         0         0         0         0         0         0         0         0         0         0         0         0         0         0         0       
   0         0         0         0         0         0         1         0         0         0         0         0         0         0         0         0         0         0         0         0         0         0         0         0       
   0         0         0         0         0         0         0         1         0         0         0         0         0         0         0         0         0         0         0         0         0         0         0         0       
   0         0         0         0         0         0         0         0         1         0         0         0         0         0         0         0         0         0         0         0         0         0         0         0       
   0         0         0         0         0         0         0         0         0         1         0         0         0         0         0         0         0         0         0         0         0         0         0         0       
   0         0         0         0         0         0         0         0         0         0         1         0         0         0         0         0         0         0         0         0         0         0         0         0       
   0         0         0         0         0         0         0         0         0         0         0         1         0         0         0         0         0         0         0         0         0         0         0         0       
   0         0         0         0         0         0         0         0         0         0         0         0         1         0         0         0         0         0         0         0         0         0         0         0       
   0         0         0         0         0         0         0         0         0         0         0         0         0         1         0         0         0         0         0         0         0         0         0         0       
   0         0         0         0         0         0         0         0         0         0         0         0         0         0         1         0         0         0         0         0         0         0         0         0       
   0         0         0         0         0         0         0         0         0         0         0         0         0         0         0         1         0         0         0         0         0         0         0         0       
   0         0         0         0         0         0         0         0         0         0         0         0         0         0         0         0         1         0         0         0         0         0         0         0       
   0         0         0         0         0         0         0         0         0         0         0         0         0         0         0         0         0         1         0         0         0         0         0         0       
   0         0         0         0         0         0         0         0         0         0         0         0         0         0         0         0         0         0         1         0         0         0         0         0       
   0         0         0         0         0         0         0         0         0         0         0         0         0         0         0         0         0         0         0         1         0         0         0         0       
   0         0         0         0         0         0         0         0         0         0         0         0         0         0         0         0         0         0         0         0         1         0         0         0       
   0         0         0         0         0         0         0         0         0         0         0         0         0         0         0         0         0         0         0         0         0         1         0         0       
   0         0         0         0         0         0         0         0         0         0         0         0         0         0         0         0         0         0         0         0         0         0         1         0       
   0         0         0         0         0         0         0         0         0         0         0         0         0         0         0         0         0         0         0         0         0         0         0         1       
   0         0         0         0         1         0         0         0         0         0         0         0         0         0         0         0         0         0         0         0         0         0         0         0       
   0         0         0         0         0         1         0         0         0         0         0         0         0         0         0         0         0         0         0         0         0         0         0         0       
   0         0         0         0         0         0         0         0         1         0         0         0         0         0         0         0         0         0         0         0         0         0         0         0       
   0         0         0         0         0         0         0         0         0         1         0         0         0         0         0         0         0         0         0         0         0         0         0         0       
   0         0         0         0         0         0         0         0         0         0         0         0         1         0         0         0         0         0         0         0         0         0         0         0       
   0         0         0         0         0         0         0         0         0         0         0         0         0         1         0         0         0         0         0         0         0         0         0         0       
   0         0         0         0         0         0         0         0         0         0         0         0         0         0         1         0         0         0         0         0         0         0         0         0       
   0         0         0         0         0         0         0         0         0         0         0         0         0         0         0         0         0         1         0         0         0         0         0         0       
   0         0         0         0         0         0         0         0         0         0         0         0         0         0         0         0         0         0         1         0         0         0         0         0       
   0         0         0         0         0         0         0         0         0         0         0         0         0         0         0         0         0         0         0         0         1         0         0         0       

EFC_POS
   0       
   0       
   0       
   0       
   0       
   0       
   0       
   0       
   0       
   0       
   0       
   0       
   0       
   0       
   0       
   0       
   0       
   0       
   0       
   0       
   0       
   0       
   0       
   0       
  -0.00071 
  -0.00024 
  -0.00071 
  -0.00024 
  -0.00071 
  -0.00024 
  -0.0025  
  -0.00071 
  -0.00024 
  -0.0017  

EFC_MARGIN
   0       
   0       
   0       
   0       
   0       
   0       
   0       
   0       
   0       
   0       
   0       
   0       
   0       
   0       
   0       
   0       
   0       
   0       
   0       
   0       
   0       
   0       
   0       
   0       
   0       
   0       
   0       
   0       
   0       
   0       
   0       
   0       
   0       
   0       

EFC_FRICTIONLOSS
   0.01    
   0.01    
   0.01    
   0.01    
   0.01    
   0.01    
   0.01    
   0.01    
   0.01    
   0.01    
   0.01    
   0.01    
   0.01    
   0.01    
   0.01    
   0.01    
   0.01    
   0.01    
   0.01    
   0.01    
   0.01    
   0.01    
   0.01    
   0.01    
   0       
   0       
   0       
   0       
   0       
   0       
   0       
   0       
   0       
   0       

EFC_DIAGAPPROX
   1.1e+02 
   2.5e+02 
   2.9e+03 
   3.1e+03 
   4.6e+03 
   4.9e+03 
   2.9e+03 
   3.1e+03 
   4.6e+03 
   4.9e+03 
   2.9e+03 
   3.1e+03 
   4.6e+03 
   4.9e+03 
   2.9e+03 
   2.9e+03 
   3.6e+03 
   4.7e+03 
   4.9e+03 
   4.9e+03 
   2.7e+03 
   4.4e+03 
   4.1e+03 
   4.9e+03 
   4.6e+03 
   4.9e+03 
   4.6e+03 
   4.9e+03 
   4.6e+03 
   4.9e+03 
   2.9e+03 
   4.7e+03 
   4.9e+03 
   2.7e+03 

EFC_KBIP
   0         1.1e+02   0.9       0       
   0         1.1e+02   0.9       0       
   0         1.1e+02   0.9       0       
   0         1.1e+02   0.9       0       
   0         1.1e+02   0.9       0       
   0         1.1e+02   0.9       0       
   0         1.1e+02   0.9       0       
   0         1.1e+02   0.9       0       
   0         1.1e+02   0.9       0       
   0         1.1e+02   0.9       0       
   0         1.1e+02   0.9       0       
   0         1.1e+02   0.9       0       
   0         1.1e+02   0.9       0       
   0         1.1e+02   0.9       0       
   0         1.1e+02   0.9       0       
   0         1.1e+02   0.9       0       
   0         1.1e+02   0.9       0       
   0         1.1e+02   0.9       0       
   0         1.1e+02   0.9       0       
   0         1.1e+02   0.9       0       
   0         1.1e+02   0.9       0       
   0         1.1e+02   0.9       0       
   0         1.1e+02   0.9       0       
   0         1.1e+02   0.9       0       
   2.8e+03   1.1e+02   0.94     -58      
   2.8e+03   1.1e+02   0.91     -48      
   2.8e+03   1.1e+02   0.94     -58      
   2.8e+03   1.1e+02   0.91     -48      
   2.8e+03   1.1e+02   0.94     -58      
   2.8e+03   1.1e+02   0.91     -48      
   2.8e+03   1.1e+02   0.95      0       
   2.8e+03   1.1e+02   0.94     -58      
   2.8e+03   1.1e+02   0.91     -48      
   2.8e+03   1.1e+02   0.95      0       

EFC_D
   0.08    
   0.036   
   0.0031  
   0.0029  
   0.0019  
   0.0018  
   0.0031  
   0.0029  
   0.0019  
   0.0018  
   0.0031  
   0.0029  
   0.0019  
   0.0018  
   0.0032  
   0.0031  
   0.0025  
   0.0019  
   0.0018  
   0.0019  
   0.0034  
   0.0021  
   0.0022  
   0.0018  
   0.0035  
   0.0019  
   0.0035  
   0.0019  
   0.0035  
   0.0019  
   0.0067  
   0.0035  
   0.0019  
   0.0072  

EFC_R
   13      
   28      
   3.2e+02 
   3.4e+02 
   5.2e+02 
   5.5e+02 
   3.2e+02 
   3.5e+02 
   5.2e+02 
   5.5e+02 
   3.2e+02 
   3.4e+02 
   5.2e+02 
   5.5e+02 
   3.2e+02 
   3.2e+02 
   4e+02   
   5.2e+02 
   5.5e+02 
   5.4e+02 
   2.9e+02 
   4.8e+02 
   4.5e+02 
   5.4e+02 
   2.9e+02 
   5.1e+02 
   2.9e+02 
   5.1e+02 
   2.9e+02 
   5.1e+02 
   1.5e+02 
   2.9e+02 
   5.1e+02 
   1.4e+02 

TEN_VELOCITY
  -1.3e-17 
   2.3e-17 
   1.8e-17 
   1.7e-17 

ACTUATOR_VELOCITY
   5.8e-20 
   3.4e-15 
   6.5e-19 
  -2.4e-17 
  -7.6e-16 
  -6.5e-18 
   1.3e-18 
   4e-19   
  -7.3e-16 
  -1.3e-17 
   4e-19   
  -7.4e-16 
   2.3e-17 
  -4e-19   
  -8.1e-16 
   1.8e-17 
  -3.5e-17 
  -6e-20   
  -6.6e-16 
   1.7e-17 

CVEL
   0         0         0         0         0         0       
   0         0         0         0         0         0       
   0        -2.6e-35   5.8e-20  -7e-23    -4.4e-21  -2e-36   
   1.5e-30  -3.4e-15   5.8e-20   3e-17    -4.4e-21  -3.8e-16 
  -2.6e-20  -3.4e-15  -3.4e-19   3e-17     7.7e-20  -3.8e-16 
  -2.6e-20  -2.7e-15  -3.4e-19   2.8e-17   7.7e-20  -2.3e-16 
  -2.6e-20  -2.7e-15  -3.4e-19   2.8e-17   7.7e-20  -2.3e-16 
  -2.6e-20  -2.7e-15  -3.4e-19   2.8e-17   7.7e-20  -2.3e-16 
  -2.7e-20  -3.4e-15  -3.5e-19   3e-17     8e-20    -3.8e-16 
  -2.7e-20  -2.7e-15  -3.5e-19   2.8e-17   8e-20    -2.2e-16 
  -2.7e-20  -2.7e-15  -3.5e-19   2.8e-17   8e-20    -2.3e-16 
  -2.7e-20  -2.7e-15  -3.5e-19   2.8e-17   8e-20    -2.3e-16 
  -2.6e-20  -3.4e-15  -3.4e-19   3e-17     7.7e-20  -3.8e-16 
  -2.6e-20  -2.6e-15  -3.4e-19   2.8e-17   7.7e-20  -2.1e-16 
  -2.6e-20  -2.7e-15  -3.4e-19   2.8e-17   7.7e-20  -2.2e-16 
  -2.6e-20  -2.7e-15  -3.4e-19   2.8e-17   7.7e-20  -2.2e-16 
   2.9e-17  -3.4e-15  -1.8e-18   3e-17     4.5e-19  -3.8e-16 
   2.9e-17  -3.4e-15  -1.9e-18   3e-17     4.6e-19  -3.8e-16 
   2.9e-17  -2.8e-15  -5.3e-19   2.8e-17   2e-19    -2.5e-16 
   2.9e-17  -2.8e-15  -5.7e-19   2.8e-17   2.1e-19  -2.5e-16 
   2.9e-17  -2.8e-15  -5.6e-19   2.8e-17   2.1e-19  -2.5e-16 
   4.6e-19  -3.4e-15   2.8e-20   3e-17     6.9e-21  -3.8e-16 
  -1.7e-17  -3.4e-15   1.2e-18   3e-17    -4.1e-19  -3.8e-16 
  -5.6e-16  -2.9e-15   3.7e-17   2.5e-17  -1.4e-17  -2.5e-16 
  -5.5e-16  -2.9e-15   4.3e-17   2.5e-17  -1.5e-17  -2.5e-16 
  -5.5e-16  -2.9e-15   4.2e-17   2.5e-17  -1.4e-17  -2.5e-16 

CDOF_DOT
   0         0        -0         0         0         0       
   5.8e-20   2.6e-35   1.1e-50   6.5e-37   5.1e-22   7e-23   
   3.4e-15  -3.8e-21  -2.3e-16  -7.2e-18   5.5e-17  -1.1e-16 
  -3.4e-19  -1.5e-34   2.6e-20   3.3e-16  -6.2e-21  -2.2e-17 
  -3.4e-19  -1.5e-34   2.6e-20   4.5e-16  -6e-21    -3.3e-17 
  -3.4e-19  -1.5e-34   2.6e-20   5.2e-16  -5.8e-21  -3.9e-17 
   3.4e-15  -3.8e-21  -2.3e-16  -2.2e-18   5.5e-17  -3.4e-17 
  -3.5e-19  -1.5e-34   2.7e-20   3.4e-16  -6.3e-21  -2.2e-17 
  -3.5e-19  -1.5e-34   2.7e-20   4.6e-16  -6.1e-21  -3.4e-17 
  -3.5e-19  -1.1e-34   2.7e-20   5.3e-16  -5.9e-21  -4e-17   
  -3.4e-15   3.8e-21   2.3e-16  -2.8e-18  -5.5e-17  -4.2e-17 
  -3.4e-19  -1.5e-34   2.6e-20   3.3e-16  -6.2e-21  -2.2e-17 
  -3.4e-19  -1.5e-34   2.6e-20   4.4e-16  -6e-21    -3.3e-17 
  -3.4e-19  -1.5e-34   2.6e-20   5.1e-16  -5.8e-21  -3.9e-17 
  -1.9e-16  -4.8e-20  -2.8e-15   1.4e-16   3.1e-16  -9.1e-18 
  -3.4e-15  -2.9e-17   2.3e-16  -7.2e-18  -5.5e-17  -1.2e-16 
   5.2e-18   6e-20    -2.9e-17   3e-16     5.7e-18  -2e-17   
   5.2e-18   6e-20    -2.9e-17   4.2e-16   7e-18    -3.1e-17 
   5.2e-18   6e-20    -2.9e-17   4.9e-16   7.7e-18  -3.8e-17 
   1.6e-16   4.1e-20   2.4e-15   7.8e-18  -2.7e-16  -2.1e-17 
   1.6e-16   4.1e-20   2.4e-15   1.5e-16  -2.7e-16   1.1e-17 
   1.6e-16   4.1e-20   2.4e-15   2.8e-16  -2.7e-16   2.2e-18 
   2.9e-15  -5.6e-16  -2.3e-16  -2.9e-18   4.5e-17  -2.6e-16 
   2.9e-15  -5.6e-16  -2.3e-16  -8.2e-18   4.4e-17  -3.4e-16 

QFRC_BIAS
   3.5e-16 
   0.53    
  -1.2e-17 
   0.027   
   0.0069  
   0.0017  
  -1.2e-17 
   0.027   
   0.0069  
   0.0017  
   1.2e-17 
   0.027   
   0.0069  
   0.0017  
   0.047   
   5.6e-05 
   0.027   
   0.0069  
   0.0017  
   9.8e-06 
   0.034   
   0.011   
  -0.00051 
  -0.00011 

QFRC_SPRING
   0       
   0       
   0       
   0       
   0       
   0       
   0       
   0       
   0       
   0       
   0       
   0       
   0       
   0       
   0       
   0       
   0       
   0       
   0       
   0       
   0       
   0       
   0       
   0       

QFRC_DAMPER
  -2.9e-20 
  -1.7e-15 
  -2e-20   
   3.6e-17 
   4.2e-19 
   2.4e-19 
  -2e-20   
   3.7e-17 
  -1.3e-18 
   1.6e-19 
   2e-20   
   4e-17   
  -9e-19   
   1e-20   
   1.7e-18 
   3e-21   
   3.3e-17 
  -1.1e-18 
   2.2e-19 
  -3.3e-20 
   1.2e-18 
   3.8e-17 
   3.3e-19 
  -6.6e-20 

QFRC_GRAVCOMP
   0       
   0       
   0       
   0       
   0       
   0       
   0       
   0       
   0       
   0       
   0       
   0       
   0       
   0       
   0       
   0       
   0       
   0       
   0       
   0       
   0       
   0       
   0       
   0       

QFRC_FLUID
   0       
   0       
   0       
   0       
   0       
   0       
   0       
   0       
   0       
   0       
   0       
   0       
   0       
   0       
   0       
   0       
   0       
   0       
   0       
   0       
   0       
   0       
   0       
   0       

QFRC_PASSIVE
  -2.9e-20 
  -1.7e-15 
  -2e-20   
   3.6e-17 
   4.2e-19 
   2.4e-19 
  -2e-20   
   3.7e-17 
  -1.3e-18 
   1.6e-19 
   2e-20   
   4e-17   
  -9e-19   
   1e-20   
   1.7e-18 
   3e-21   
   3.3e-17 
  -1.1e-18 
   2.2e-19 
  -3.3e-20 
   1.2e-18 
   3.8e-17 
   3.3e-19 
  -6.6e-20 

EFC_VEL
   5.8e-20 
   3.4e-15 
   4e-19   
  -7.3e-16 
  -8.4e-18 
  -4.7e-18 
   4e-19   
  -7.4e-16 
   2.6e-17 
  -3.1e-18 
  -4e-19   
  -8.1e-16 
   1.8e-17 
  -2.1e-19 
  -3.5e-17 
  -6e-20   
  -6.6e-16 
   2.1e-17 
  -4.3e-18 
   6.5e-19 
  -2.4e-17 
  -7.6e-16 
  -6.5e-18 
   1.3e-18 
  -8.4e-18 
  -4.7e-18 
   2.6e-17 
  -3.1e-18 
   1.8e-17 
  -2.1e-19 
  -3.5e-17 
   2.1e-17 
  -4.3e-18 
  -2.4e-17 

EFC_AREF
  -6.1e-18 
  -3.6e-13 
  -4.2e-17 
   7.7e-14 
   8.9e-16 
   5e-16   
  -4.3e-17 
   7.8e-14 
  -2.8e-15 
   3.3e-16 
   4.2e-17 
   8.5e-14 
  -1.9e-15 
   2.2e-17 
   3.7e-15 
   6.3e-18 
   6.9e-14 
  -2.3e-15 
   4.6e-16 
  -6.9e-17 
   2.5e-15 
   8e-14   
   6.9e-16 
  -1.4e-16 
   1.9     
   0.61    
   1.9     
   0.61    
   1.9     
   0.61    
   6.7     
   1.9     
   0.61    
   4.5     

SUBTREE_LINVEL
   0         0         0       
   0         0         0       
   0         0         0       
   0         0         0       
   0         0         0       
   0         0         0       
   0         0         0       
   0         0         0       
   0         0         0       
   0         0         0       
   0         0         0       
   0         0         0       
   0         0         0       
   0         0         0       
   0         0         0       
   0         0         0       
   0         0         0       
   0         0         0       
   0         0         0       
   0         0         0       
   0         0         0       
   0         0         0       
   0         0         0       
   0         0         0       
   0         0         0       
   0         0         0       

SUBTREE_ANGMOM
   0         0         0       
   0         0         0       
   0         0         0       
   0         0         0       
   0         0         0       
   0         0         0       
   0         0         0       
   0         0         0       
   0         0         0       
   0         0         0       
   0         0         0       
   0         0         0       
   0         0         0       
   0         0         0       
   0         0         0       
   0         0         0       
   0         0         0       
   0         0         0       
   0         0         0       
   0         0         0       
   0         0         0       
   0         0         0       
   0         0         0       
   0         0         0       
   0         0         0       
   0         0         0       

ACTUATOR_FORCE
   3.5e-16 
   0.53    
   9.8e-06 
   0.0017  
   0.011   
  -0.00051 
  -0.00011 
  -1.2e-17 
   0.027   
   0.00048 
  -1.2e-17 
   0.027   
   0.00048 
   1.2e-17 
   0.027   
   0.00048 
   0.0025  
   5.6e-05 
   0.027   
   0.00048 

QFRC_ACTUATOR
   3.5e-16 
   0.53    
  -1.2e-17 
   0.027   
   0.00048 
   0.00048 
  -1.2e-17 
   0.027   
   0.00048 
   0.00048 
   1.2e-17 
   0.027   
   0.00048 
   0.00048 
   0.0025  
   5.6e-05 
   0.027   
   0.00048 
   0.00048 
   9.8e-06 
   0.0017  
   0.011   
  -0.00051 
  -0.00011 

QFRC_SMOOTH
   1.1e-18 
   1.3e-14 
   1.7e-19 
  -2.2e-16 
  -0.0064  
  -0.0012  
   1.8e-19 
  -2.2e-16 
  -0.0064  
  -0.0012  
  -1.7e-19 
  -2.5e-16 
  -0.0064  
  -0.0012  
  -0.045   
  -6.8e-20 
  -1.7e-16 
  -0.0064  
  -0.0012  
   1.1e-19 
  -0.032   
  -1.7e-16 
  -1.5e-18 
   2.6e-19 

QACC_SMOOTH
  -0.19    
   17      
  -0.27    
  -15      
  -34      
  -6.1     
  -0.28    
  -15      
  -34      
  -6.1     
   0.27    
  -15      
  -34      
  -6.1     
  -1.3e+02 
  -1.1     
   55      
  -17      
  -2.1     
   0.33    
  -93      
   28      
   0.28    
   0.051   

EFC_B
  -0.19    
   17      
  -0.27    
  -15      
  -34      
  -6.1     
  -0.28    
  -15      
  -34      
  -6.1     
   0.27    
  -15      
  -34      
  -6.1     
  -1.3e+02 
  -1.1     
   55      
  -17      
  -2.1     
   0.33    
  -93      
   28      
   0.28    
   0.051   
  -36      
  -6.7     
  -36      
  -6.8     
  -36      
  -6.7     
  -1.4e+02 
  -19      
  -2.7     
  -97      

EFC_FORCE
  -1.1e-18 
  -1.3e-14 
  -1.7e-19 
   2.2e-16 
   9.2e-19 
  -6.1e-19 
  -1.8e-19 
   2.2e-16 
   6.3e-18 
   1.6e-18 
   1.7e-19 
   2.5e-16 
  -4.3e-18 
   6.5e-19 
   1.3e-17 
   6.8e-20 
   1.7e-16 
  -4.5e-18 
   6.3e-19 
  -1.1e-19 
  -1e-18   
   1.7e-16 
   1.5e-18 
  -2.6e-19 
   0.0064  
   0.0012  
   0.0064  
   0.0012  
   0.0064  
   0.0012  
   0.045   
   0.0064  
   0.0012  
   0.032   

EFC_STATE
  1
  1
  1
  1
  1
  1
  1
  1
  1
  1
  1
  1
  1
  1
  1
  1
  1
  1
  1
  1
  1
  1
  1
  1
  1
  1
  1
  1
  1
  1
  1
  1
  1
  1

QFRC_CONSTRAINT
  -1.1e-18 
  -1.3e-14 
  -1.7e-19 
   2.2e-16 
   0.0064  
   0.0012  
  -1.8e-19 
   2.2e-16 
   0.0064  
   0.0012  
   1.7e-19 
   2.5e-16 
   0.0064  
   0.0012  
   0.045   
   6.8e-20 
   1.7e-16 
   0.0064  
   0.0012  
  -1.1e-19 
   0.032   
   1.7e-16 
   1.5e-18 
  -2.6e-19 

QFRC_INVERSE
   0       
   0       
   0       
   0       
   0       
   0       
   0       
   0       
   0       
   0       
   0       
   0       
   0       
   0       
   0       
   0       
   0       
   0       
   0       
   0       
   0       
   0       
   0       
   0       

CACC
   0         0         0         0         0         0       
   0         0         0         0         0         0       
   0         0         0         0         0         0       
   0         0         0         0         0         0       
   0         0         0         0         0         0       
   0         0         0         0         0         0       
   0         0         0         0         0         0       
   0         0         0         0         0         0       
   0         0         0         0         0         0       
   0         0         0         0         0         0       
   0         0         0         0         0         0       
   0         0         0         0         0         0       
   0         0         0         0         0         0       
   0         0         0         0         0         0       
   0         0         0         0         0         0       
   0         0         0         0         0         0       
   0         0         0         0         0         0       
   0         0         0         0         0         0       
   0         0         0         0         0         0       
   0         0         0         0         0         0       
   0         0         0         0         0         0       
   0         0         0         0         0         0       
   0         0         0         0         0         0       
   0         0         0         0         0         0       
   0         0         0         0         0         0       
   0         0         0         0         0         0       

CFRC_INT
   0         0         0         0         0         0       
   0         0         0         0         0         0       
   0         0         0         0         0         0       
   0         0         0         0         0         0       
   0         0         0         0         0         0       
   0         0         0         0         0         0       
   0         0         0         0         0         0       
   0         0         0         0         0         0       
   0         0         0         0         0         0       
   0         0         0         0         0         0       
   0         0         0         0         0         0       
   0         0         0         0         0         0       
   0         0         0         0         0         0       
   0         0         0         0         0         0       
   0         0         0         0         0         0       
   0         0         0         0         0         0       
   0         0         0         0         0         0       
   0         0         0         0         0         0       
   0         0         0         0         0         0       
   0         0         0         0         0         0       
   0         0         0         0         0         0       
   0         0         0         0         0         0       
   0         0         0         0         0         0       
   0         0         0         0         0         0       
   0         0         0         0         0         0       
   0         0         0         0         0         0       

CFRC_EXT
   0         0         0         0         0         0       
   0         0         0         0         0         0       
   0         0         0         0         0         0       
   0         0         0         0         0         0       
   0         0         0         0         0         0       
   0         0         0         0         0         0       
   0         0         0         0         0         0       
   0         0         0         0         0         0       
   0         0         0         0         0         0       
   0         0         0         0         0         0       
   0         0         0         0         0         0       
   0         0         0         0         0         0       
   0         0         0         0         0         0       
   0         0         0         0         0         0       
   0         0         0         0         0         0       
   0         0         0         0         0         0       
   0         0         0         0         0         0       
   0         0         0         0         0         0       
   0         0         0         0         0         0       
   0         0         0         0         0         0       
   0         0         0         0         0         0       
   0         0         0         0         0         0       
   0         0         0         0         0         0       
   0         0         0         0         0         0       
   0         0         0         0         0         0       
   0         0         0         0         0         0       

TENDON_EFCADR         -1 -1 -1 -1

